  0.0000E+00
  0.0000E+00
  0.0000E+00
  0.0000E+00
  0.0000E+00
  0.0000E+00
  0.0000E+00
  0.0000E+00
  0.0000E+00
  0.0000E+00
  0.0000E+00
  0.0000E+00
  0.0000E+00
  0.0000E+00
  0.0000E+00
  0.0000E+00
  0.0000E+00
  0.0000E+00
  0.0000E+00
  0.0000E+00
  0.0000E+00
  0.0000E+00
  0.0000E+00
  0.0000E+00
  0.0000E+00
  0.0000E+00
  0.0000E+00
  0.0000E+00
  0.0000E+00
  0.0000E+00
  0.0000E+00
  0.0000E+00
  0.0000E+00
  0.0000E+00
  0.0000E+00
  0.0000E+00
  0.0000E+00
  0.0000E+00
  0.0000E+00
  0.0000E+00
  0.0000E+00
  0.0000E+00
  0.0000E+00
  0.0000E+00
  0.0000E+00
  0.0000E+00
  0.0000E+00
  0.0000E+00
  0.0000E+00
  0.4504E-34
  0.1396E-32
  0.2216E-31
  0.2400E-30
  0.1994E-29
  0.1355E-28
  0.7850E-28
  0.3982E-27
  0.1806E-26
  0.7431E-26
  0.2810E-25
  0.9858E-25
  0.3234E-24
  0.9987E-24
  0.2920E-23
  0.8121E-23
  0.2158E-22
  0.5497E-22
  0.1347E-21
  0.3183E-21
  0.7273E-21
  0.1611E-20
  0.3465E-20
  0.7250E-20
  0.1479E-19
  0.2943E-19
  0.5725E-19
  0.1090E-18
  0.2033E-18
  0.3718E-18
  0.6678E-18
  0.1179E-17
  0.2046E-17
  0.3495E-17
  0.5881E-17
  0.9755E-17
  0.1596E-16
  0.2577E-16
  0.4108E-16
  0.6472E-16
  0.1008E-15
  0.1552E-15
  0.2364E-15
  0.3566E-15
  0.5325E-15
  0.7876E-15
  0.1154E-14
  0.1677E-14
  0.2417E-14
  0.3453E-14
  0.4896E-14
  0.6889E-14
  0.9621E-14
  0.1334E-13
  0.1838E-13
  0.2514E-13
  0.3418E-13
  0.4618E-13
  0.6201E-13
  0.8279E-13
  0.1099E-12
  0.1451E-12
  0.1906E-12
  0.2490E-12
  0.3237E-12
  0.4187E-12
  0.5391E-12
  0.6909E-12
  0.8816E-12
  0.1120E-11
  0.1417E-11
  0.1785E-11
  0.2240E-11
  0.2800E-11
  0.3486E-11
  0.4325E-11
  0.5347E-11
  0.6587E-11
  0.8087E-11
  0.9895E-11
  0.1207E-10
  0.1467E-10
  0.1778E-10
  0.2149E-10
  0.2589E-10
  0.3111E-10
  0.3727E-10
  0.4452E-10
  0.5305E-10
  0.6305E-10
  0.7474E-10
  0.8838E-10
  0.1043E-09
  0.1227E-09
  0.1440E-09
  0.1687E-09
  0.1972E-09
  0.2300E-09
  0.2676E-09
  0.3108E-09
  0.3602E-09
  0.4166E-09
  0.4808E-09
  0.5540E-09
  0.6370E-09
  0.7312E-09
  0.8377E-09
  0.9581E-09
  0.1094E-08
  0.1247E-08
  0.1419E-08
  0.1612E-08
  0.1828E-08
  0.2070E-08
  0.2341E-08
  0.2642E-08
  0.2979E-08
  0.3353E-08
  0.3769E-08
  0.4230E-08
  0.4741E-08
  0.5307E-08
  0.5933E-08
  0.6624E-08
  0.7385E-08
  0.8224E-08
  0.9147E-08
  0.1016E-07
  0.1127E-07
  0.1249E-07
  0.1383E-07
  0.1529E-07
  0.1689E-07
  0.1863E-07
  0.2053E-07
  0.2260E-07
  0.2486E-07
  0.2731E-07
  0.2997E-07
  0.3286E-07
  0.3600E-07
  0.3939E-07
  0.4306E-07
  0.4704E-07
  0.5133E-07
  0.5596E-07
  0.6096E-07
  0.6634E-07
  0.7214E-07
  0.7838E-07
  0.8508E-07
  0.9229E-07
  0.1000E-06
  0.1083E-06
  0.1172E-06
  0.1267E-06
  0.1369E-06
  0.1478E-06
  0.1595E-06
  0.1719E-06
  0.1852E-06
  0.1994E-06
  0.2145E-06
  0.2306E-06
  0.2477E-06
  0.2660E-06
  0.2853E-06
  0.3059E-06
  0.3278E-06
  0.3510E-06
  0.3756E-06
  0.4017E-06
  0.4294E-06
  0.4587E-06
  0.4897E-06
  0.5225E-06
  0.5571E-06
  0.5938E-06
  0.6324E-06
  0.6733E-06
  0.7164E-06
  0.7618E-06
  0.8097E-06
  0.8601E-06
  0.9132E-06
  0.9691E-06
  0.1028E-05
  0.1090E-05
  0.1155E-05
  0.1223E-05
  0.1295E-05
  0.1370E-05
  0.1449E-05
  0.1532E-05
  0.1619E-05
  0.1710E-05
  0.1805E-05
  0.1905E-05
  0.2009E-05
  0.2118E-05
  0.2232E-05
  0.2352E-05
  0.2477E-05
  0.2607E-05
  0.2743E-05
  0.2885E-05
  0.3033E-05
  0.3188E-05
  0.3349E-05
  0.3517E-05
  0.3692E-05
  0.3874E-05
  0.4064E-05
  0.4262E-05
  0.4467E-05
  0.4681E-05
  0.4903E-05
  0.5135E-05
  0.5375E-05
  0.5624E-05
  0.5884E-05
  0.6153E-05
  0.6432E-05
  0.6722E-05
  0.7023E-05
  0.7335E-05
  0.7658E-05
  0.7993E-05
  0.8340E-05
  0.8700E-05
  0.9072E-05
  0.9458E-05
  0.9857E-05
  0.1027E-04
  0.1070E-04
  0.1114E-04
  0.1160E-04
  0.1207E-04
  0.1256E-04
  0.1306E-04
  0.1358E-04
  0.1412E-04
  0.1467E-04
  0.1525E-04
  0.1584E-04
  0.1645E-04
  0.1708E-04
  0.1773E-04
  0.1840E-04
  0.1909E-04
  0.1980E-04
  0.2053E-04
  0.2129E-04
  0.2206E-04
  0.2286E-04
  0.2369E-04
  0.2453E-04
  0.2541E-04
  0.2630E-04
  0.2723E-04
  0.2818E-04
  0.2915E-04
  0.3015E-04
  0.3119E-04
  0.3225E-04
  0.3333E-04
  0.3445E-04
  0.3560E-04
  0.3678E-04
  0.3799E-04
  0.3923E-04
  0.4051E-04
  0.4182E-04
  0.4316E-04
  0.4454E-04
  0.4595E-04
  0.4740E-04
  0.4888E-04
  0.5040E-04
  0.5196E-04
  0.5356E-04
  0.5520E-04
  0.5688E-04
  0.5860E-04
  0.6035E-04
  0.6216E-04
  0.6400E-04
  0.6589E-04
  0.6782E-04
  0.6979E-04
  0.7182E-04
  0.7389E-04
  0.7600E-04
  0.7817E-04
  0.8038E-04
  0.8264E-04
  0.8495E-04
  0.8731E-04
  0.8973E-04
  0.9220E-04
  0.9472E-04
  0.9729E-04
  0.9992E-04
  0.1026E-03
  0.1054E-03
  0.1082E-03
  0.1110E-03
  0.1139E-03
  0.1169E-03
  0.1199E-03
  0.1230E-03
  0.1262E-03
  0.1294E-03
  0.1327E-03
  0.1361E-03
  0.1395E-03
  0.1430E-03
  0.1466E-03
  0.1502E-03
  0.1539E-03
  0.1576E-03
  0.1615E-03
  0.1654E-03
  0.1694E-03
  0.1734E-03
  0.1776E-03
  0.1818E-03
  0.1861E-03
  0.1904E-03
  0.1949E-03
  0.1994E-03
  0.2040E-03
  0.2087E-03
  0.2135E-03
  0.2183E-03
  0.2232E-03
  0.2283E-03
  0.2334E-03
  0.2386E-03
  0.2439E-03
  0.2492E-03
  0.2547E-03
  0.2603E-03
  0.2659E-03
  0.2717E-03
  0.2775E-03
  0.2834E-03
  0.2895E-03
  0.2956E-03
  0.3018E-03
  0.3082E-03
  0.3146E-03
  0.3211E-03
  0.3278E-03
  0.3345E-03
  0.3413E-03
  0.3483E-03
  0.3554E-03
  0.3625E-03
  0.3698E-03
  0.3772E-03
  0.3847E-03
  0.3923E-03
  0.4000E-03
  0.4078E-03
  0.4158E-03
  0.4239E-03
  0.4320E-03
  0.4403E-03
  0.4488E-03
  0.4573E-03
  0.4660E-03
  0.4748E-03
  0.4837E-03
  0.4927E-03
  0.5019E-03
  0.5112E-03
  0.5206E-03
  0.5301E-03
  0.5398E-03
  0.5496E-03
  0.5596E-03
  0.5696E-03
  0.5799E-03
  0.5902E-03
  0.6007E-03
  0.6113E-03
  0.6221E-03
  0.6330E-03
  0.6440E-03
  0.6552E-03
  0.6665E-03
  0.6780E-03
  0.6896E-03
  0.7014E-03
  0.7133E-03
  0.7254E-03
  0.7376E-03
  0.7499E-03
  0.7625E-03
  0.7751E-03
  0.7880E-03
  0.8009E-03
  0.8141E-03
  0.8274E-03
  0.8408E-03
  0.8544E-03
  0.8682E-03
  0.8821E-03
  0.8962E-03
  0.9105E-03
  0.9249E-03
  0.9395E-03
  0.9543E-03
  0.9692E-03
  0.9843E-03
  0.9996E-03
  0.1015E-02
  0.1031E-02
  0.1046E-02
  0.1062E-02
  0.1078E-02
  0.1095E-02
  0.1111E-02
  0.1128E-02
  0.1145E-02
  0.1162E-02
  0.1179E-02
  0.1196E-02
  0.1214E-02
  0.1232E-02
  0.1250E-02
  0.1268E-02
  0.1286E-02
  0.1305E-02
  0.1323E-02
  0.1342E-02
  0.1361E-02
  0.1381E-02
  0.1400E-02
  0.1420E-02
  0.1440E-02
  0.1460E-02
  0.1480E-02
  0.1501E-02
  0.1521E-02
  0.1542E-02
  0.1563E-02
  0.1584E-02
  0.1606E-02
  0.1628E-02
  0.1650E-02
  0.1672E-02
  0.1694E-02
  0.1716E-02
  0.1739E-02
  0.1762E-02
  0.1785E-02
  0.1809E-02
  0.1832E-02
  0.1856E-02
  0.1880E-02
  0.1904E-02
  0.1929E-02
  0.1953E-02
  0.1978E-02
  0.2003E-02
  0.2029E-02
  0.2054E-02
  0.2080E-02
  0.2106E-02
  0.2132E-02
  0.2159E-02
  0.2186E-02
  0.2213E-02
  0.2240E-02
  0.2267E-02
  0.2295E-02
  0.2323E-02
  0.2351E-02
  0.2379E-02
  0.2407E-02
  0.2436E-02
  0.2465E-02
  0.2495E-02
  0.2524E-02
  0.2554E-02
  0.2584E-02
  0.2614E-02
  0.2645E-02
  0.2675E-02
  0.2706E-02
  0.2737E-02
  0.2769E-02
  0.2801E-02
  0.2833E-02
  0.2865E-02
  0.2897E-02
  0.2930E-02
  0.2963E-02
  0.2996E-02
  0.3029E-02
  0.3063E-02
  0.3097E-02
  0.3131E-02
  0.3166E-02
  0.3201E-02
  0.3235E-02
  0.3271E-02
  0.3306E-02
  0.3342E-02
  0.3378E-02
  0.3414E-02
  0.3451E-02
  0.3488E-02
  0.3525E-02
  0.3562E-02
  0.3600E-02
  0.3638E-02
  0.3676E-02
  0.3714E-02
  0.3753E-02
  0.3792E-02
  0.3831E-02
  0.3870E-02
  0.3910E-02
  0.3950E-02
  0.3991E-02
  0.4031E-02
  0.4072E-02
  0.4113E-02
  0.4154E-02
  0.4196E-02
  0.4238E-02
  0.4280E-02
  0.4323E-02
  0.4366E-02
  0.4409E-02
  0.4452E-02
  0.4496E-02
  0.4540E-02
  0.4584E-02
  0.4628E-02
  0.4673E-02
  0.4718E-02
  0.4763E-02
  0.4809E-02
  0.4855E-02
  0.4901E-02
  0.4948E-02
  0.4994E-02
  0.5041E-02
  0.5089E-02
  0.5136E-02
  0.5184E-02
  0.5233E-02
  0.5281E-02
  0.5330E-02
  0.5379E-02
  0.5428E-02
  0.5478E-02
  0.5528E-02
  0.5578E-02
  0.5629E-02
  0.5680E-02
  0.5731E-02
  0.5782E-02
  0.5834E-02
  0.5886E-02
  0.5939E-02
  0.5991E-02
  0.6044E-02
  0.6097E-02
  0.6151E-02
  0.6205E-02
  0.6259E-02
  0.6313E-02
  0.6368E-02
  0.6423E-02
  0.6479E-02
  0.6534E-02
  0.6590E-02
  0.6647E-02
  0.6703E-02
  0.6760E-02
  0.6817E-02
  0.6875E-02
  0.6933E-02
  0.6991E-02
  0.7049E-02
  0.7108E-02
  0.7167E-02
  0.7226E-02
  0.7286E-02
  0.7346E-02
  0.7406E-02
  0.7467E-02
  0.7528E-02
  0.7589E-02
  0.7651E-02
  0.7713E-02
  0.7775E-02
  0.7837E-02
  0.7900E-02
  0.7963E-02
  0.8027E-02
  0.8090E-02
  0.8154E-02
  0.8219E-02
  0.8284E-02
  0.8349E-02
  0.8414E-02
  0.8480E-02
  0.8545E-02
  0.8612E-02
  0.8678E-02
  0.8745E-02
  0.8813E-02
  0.8880E-02
  0.8948E-02
  0.9016E-02
  0.9085E-02
  0.9154E-02
  0.9223E-02
  0.9292E-02
  0.9362E-02
  0.9432E-02
  0.9503E-02
  0.9573E-02
  0.9644E-02
  0.9716E-02
  0.9788E-02
  0.9860E-02
  0.9932E-02
  0.1000E-01
  0.1008E-01
  0.1015E-01
  0.1022E-01
  0.1030E-01
  0.1037E-01
  0.1045E-01
  0.1052E-01
  0.1060E-01
  0.1067E-01
  0.1075E-01
  0.1083E-01
  0.1090E-01
  0.1098E-01
  0.1106E-01
  0.1113E-01
  0.1121E-01
  0.1129E-01
  0.1137E-01
  0.1145E-01
  0.1153E-01
  0.1161E-01
  0.1169E-01
  0.1177E-01
  0.1185E-01
  0.1193E-01
  0.1201E-01
  0.1209E-01
  0.1217E-01
  0.1226E-01
  0.1234E-01
  0.1242E-01
  0.1250E-01
  0.1259E-01
  0.1267E-01
  0.1276E-01
  0.1284E-01
  0.1292E-01
  0.1301E-01
  0.1310E-01
  0.1318E-01
  0.1327E-01
  0.1335E-01
  0.1344E-01
  0.1353E-01
  0.1362E-01
  0.1370E-01
  0.1379E-01
  0.1388E-01
  0.1397E-01
  0.1406E-01
  0.1415E-01
  0.1424E-01
  0.1433E-01
  0.1442E-01
  0.1451E-01
  0.1460E-01
  0.1469E-01
  0.1478E-01
  0.1487E-01
  0.1497E-01
  0.1506E-01
  0.1515E-01
  0.1525E-01
  0.1534E-01
  0.1543E-01
  0.1553E-01
  0.1562E-01
  0.1572E-01
  0.1581E-01
  0.1591E-01
  0.1601E-01
  0.1610E-01
  0.1620E-01
  0.1630E-01
  0.1639E-01
  0.1649E-01
  0.1659E-01
  0.1669E-01
  0.1679E-01
  0.1689E-01
  0.1699E-01
  0.1709E-01
  0.1719E-01
  0.1729E-01
  0.1739E-01
  0.1749E-01
  0.1759E-01
  0.1769E-01
  0.1779E-01
  0.1790E-01
  0.1800E-01
  0.1810E-01
  0.1820E-01
  0.1831E-01
  0.1841E-01
  0.1852E-01
  0.1862E-01
  0.1873E-01
  0.1883E-01
  0.1894E-01
  0.1904E-01
  0.1915E-01
  0.1926E-01
  0.1936E-01
  0.1947E-01
  0.1958E-01
  0.1969E-01
  0.1979E-01
  0.1990E-01
  0.2001E-01
  0.2012E-01
  0.2023E-01
  0.2034E-01
  0.2045E-01
  0.2056E-01
  0.2067E-01
  0.2078E-01
  0.2090E-01
  0.2101E-01
  0.2112E-01
  0.2123E-01
  0.2135E-01
  0.2146E-01
  0.2157E-01
  0.2169E-01
  0.2180E-01
  0.2192E-01
  0.2203E-01
  0.2215E-01
  0.2226E-01
  0.2238E-01
  0.2249E-01
  0.2261E-01
  0.2273E-01
  0.2284E-01
  0.2296E-01
  0.2308E-01
  0.2320E-01
  0.2332E-01
  0.2343E-01
  0.2355E-01
  0.2367E-01
  0.2379E-01
  0.2391E-01
  0.2403E-01
  0.2415E-01
  0.2427E-01
  0.2440E-01
  0.2452E-01
  0.2464E-01
  0.2476E-01
  0.2488E-01
  0.2501E-01
  0.2513E-01
  0.2525E-01
  0.2538E-01
  0.2550E-01
  0.2563E-01
  0.2575E-01
  0.2588E-01
  0.2600E-01
  0.2613E-01
  0.2625E-01
  0.2638E-01
  0.2651E-01
  0.2664E-01
  0.2676E-01
  0.2689E-01
  0.2702E-01
  0.2715E-01
  0.2728E-01
  0.2740E-01
  0.2753E-01
  0.2766E-01
  0.2779E-01
  0.2792E-01
  0.2805E-01
  0.2819E-01
  0.2832E-01
  0.2845E-01
  0.2858E-01
  0.2871E-01
  0.2884E-01
  0.2898E-01
  0.2911E-01
  0.2924E-01
  0.2938E-01
  0.2951E-01
  0.2965E-01
  0.2978E-01
  0.2992E-01
  0.3005E-01
  0.3019E-01
  0.3032E-01
  0.3046E-01
  0.3060E-01
  0.3073E-01
  0.3087E-01
  0.3101E-01
  0.3114E-01
  0.3128E-01
  0.3142E-01
  0.3156E-01
  0.3170E-01
  0.3184E-01
  0.3198E-01
  0.3212E-01
  0.3226E-01
  0.3240E-01
  0.3254E-01
  0.3268E-01
  0.3282E-01
  0.3296E-01
  0.3310E-01
  0.3325E-01
  0.3339E-01
  0.3353E-01
  0.3368E-01
  0.3382E-01
  0.3396E-01
  0.3411E-01
  0.3425E-01
  0.3440E-01
  0.3454E-01
  0.3469E-01
  0.3483E-01
  0.3498E-01
  0.3512E-01
  0.3527E-01
  0.3542E-01
  0.3557E-01
  0.3571E-01
  0.3586E-01
  0.3601E-01
  0.3616E-01
  0.3631E-01
  0.3645E-01
  0.3660E-01
  0.3675E-01
  0.3690E-01
  0.3705E-01
  0.3720E-01
  0.3735E-01
  0.3750E-01
  0.3766E-01
  0.3781E-01
  0.3796E-01
  0.3811E-01
  0.3826E-01
  0.3842E-01
  0.3857E-01
  0.3872E-01
  0.3888E-01
  0.3903E-01
  0.3918E-01
  0.3934E-01
  0.3949E-01
  0.3965E-01
  0.3980E-01
  0.3996E-01
  0.4012E-01
  0.4027E-01
  0.4043E-01
  0.4058E-01
  0.4074E-01
  0.4090E-01
  0.4106E-01
  0.4121E-01
  0.4137E-01
  0.4153E-01
  0.4169E-01
  0.4185E-01
  0.4201E-01
  0.4217E-01
  0.4233E-01
  0.4249E-01
  0.4265E-01
  0.4281E-01
  0.4297E-01
  0.4313E-01
  0.4329E-01
  0.4345E-01
  0.4362E-01
  0.4378E-01
  0.4394E-01
  0.4410E-01
  0.4427E-01
  0.4443E-01
  0.4459E-01
  0.4476E-01
  0.4492E-01
  0.4509E-01
  0.4525E-01
  0.4542E-01
  0.4558E-01
  0.4575E-01
  0.4591E-01
  0.4608E-01
  0.4625E-01
  0.4641E-01
  0.4658E-01
  0.4675E-01
  0.4691E-01
  0.4708E-01
  0.4725E-01
  0.4742E-01
  0.4759E-01
  0.4776E-01
  0.4793E-01
  0.4809E-01
  0.4826E-01
  0.4843E-01
  0.4860E-01
  0.4877E-01
  0.4895E-01
  0.4912E-01
  0.4929E-01
  0.4946E-01
  0.4963E-01
  0.4980E-01
  0.4997E-01
  0.5015E-01
  0.5032E-01
  0.5049E-01
  0.5067E-01
  0.5084E-01
  0.5101E-01
  0.5119E-01
  0.5136E-01
  0.5154E-01
  0.5171E-01
  0.5189E-01
  0.5206E-01
  0.5224E-01
  0.5241E-01
  0.5259E-01
  0.5277E-01
  0.5294E-01
  0.5312E-01
  0.5330E-01
  0.5347E-01
  0.5365E-01
  0.5383E-01
  0.5401E-01
  0.5419E-01
  0.5436E-01
  0.5454E-01
  0.5472E-01
  0.5490E-01
  0.5508E-01
  0.5526E-01
  0.5544E-01
  0.5562E-01
  0.5580E-01
  0.5598E-01
  0.5616E-01
  0.5635E-01
  0.5653E-01
  0.5671E-01
  0.5689E-01
  0.5707E-01
  0.5726E-01
  0.5744E-01
  0.5762E-01
  0.5781E-01
  0.5799E-01
  0.5817E-01
  0.5836E-01
  0.5854E-01
  0.5873E-01
  0.5891E-01
  0.5910E-01
  0.5928E-01
  0.5947E-01
  0.5965E-01
  0.5984E-01
  0.6002E-01
  0.6021E-01
  0.6040E-01
  0.6058E-01
  0.6077E-01
  0.6096E-01
  0.6115E-01
  0.6133E-01
  0.6152E-01
  0.6171E-01
  0.6190E-01
  0.6209E-01
  0.6228E-01
  0.6246E-01
  0.6265E-01
  0.6284E-01
  0.6303E-01
  0.6322E-01
  0.6341E-01
  0.6360E-01
  0.6379E-01
  0.6399E-01
  0.6418E-01
  0.6437E-01
  0.6456E-01
  0.6475E-01
  0.6494E-01
  0.6514E-01
  0.6533E-01
  0.6552E-01
  0.6571E-01
  0.6591E-01
  0.6610E-01
  0.6630E-01
  0.6649E-01
  0.6668E-01
  0.6688E-01
  0.6707E-01
  0.6727E-01
  0.6746E-01
  0.6766E-01
  0.6785E-01
  0.6805E-01
  0.6824E-01
  0.6844E-01
  0.6864E-01
  0.6883E-01
  0.6903E-01
  0.6923E-01
  0.6942E-01
  0.6962E-01
  0.6982E-01
  0.7002E-01
  0.7021E-01
  0.7041E-01
  0.7061E-01
  0.7081E-01
  0.7101E-01
  0.7121E-01
  0.7141E-01
  0.7161E-01
  0.7181E-01
  0.7200E-01
  0.7221E-01
  0.7241E-01
  0.7261E-01
  0.7281E-01
  0.7301E-01
  0.7321E-01
  0.7341E-01
  0.7361E-01
  0.7381E-01
  0.7401E-01
  0.7422E-01
  0.7442E-01
  0.7462E-01
  0.7482E-01
  0.7503E-01
  0.7523E-01
  0.7543E-01
  0.7564E-01
  0.7584E-01
  0.7604E-01
  0.7625E-01
  0.7645E-01
  0.7666E-01
  0.7686E-01
  0.7707E-01
  0.7727E-01
  0.7748E-01
  0.7768E-01
  0.7789E-01
  0.7809E-01
  0.7830E-01
  0.7851E-01
  0.7871E-01
  0.7892E-01
  0.7913E-01
  0.7933E-01
  0.7954E-01
  0.7975E-01
  0.7996E-01
  0.8016E-01
  0.8037E-01
  0.8058E-01
  0.8079E-01
  0.8100E-01
  0.8120E-01
  0.8141E-01
  0.8162E-01
  0.8183E-01
  0.8204E-01
  0.8225E-01
  0.8246E-01
  0.8267E-01
  0.8288E-01
  0.8309E-01
  0.8330E-01
  0.8351E-01
  0.8372E-01
  0.8393E-01
  0.8415E-01
  0.8436E-01
  0.8457E-01
  0.8478E-01
  0.8499E-01
  0.8521E-01
  0.8542E-01
  0.8563E-01
  0.8584E-01
  0.8606E-01
  0.8627E-01
  0.8648E-01
  0.8670E-01
  0.8691E-01
  0.8712E-01
  0.8734E-01
  0.8755E-01
  0.8776E-01
  0.8798E-01
  0.8819E-01
  0.8841E-01
  0.8862E-01
  0.8884E-01
  0.8905E-01
  0.8927E-01
  0.8948E-01
  0.8970E-01
  0.8992E-01
  0.9013E-01
  0.9035E-01
  0.9057E-01
  0.9078E-01
  0.9100E-01
  0.9122E-01
  0.9143E-01
  0.9165E-01
  0.9187E-01
  0.9209E-01
  0.9230E-01
  0.9252E-01
  0.9274E-01
  0.9296E-01
  0.9318E-01
  0.9339E-01
  0.9361E-01
  0.9383E-01
  0.9405E-01
  0.9427E-01
  0.9449E-01
  0.9471E-01
  0.9493E-01
  0.9515E-01
  0.9537E-01
  0.9559E-01
  0.9581E-01
  0.9603E-01
  0.9625E-01
  0.9647E-01
  0.9669E-01
  0.9691E-01
  0.9713E-01
  0.9736E-01
  0.9758E-01
  0.9780E-01
  0.9802E-01
  0.9824E-01
  0.9847E-01
  0.9869E-01
  0.9891E-01
  0.9913E-01
  0.9936E-01
  0.9958E-01
  0.9980E-01
  0.1000E+00
  0.1002E+00
  0.1005E+00
  0.1007E+00
  0.1009E+00
  0.1011E+00
  0.1014E+00
  0.1016E+00
  0.1018E+00
  0.1020E+00
  0.1023E+00
  0.1025E+00
  0.1027E+00
  0.1029E+00
  0.1032E+00
  0.1034E+00
  0.1036E+00
  0.1038E+00
  0.1041E+00
  0.1043E+00
  0.1045E+00
  0.1047E+00
  0.1050E+00
  0.1052E+00
  0.1054E+00
  0.1057E+00
  0.1059E+00
  0.1061E+00
  0.1063E+00
  0.1066E+00
  0.1068E+00
  0.1070E+00
  0.1072E+00
  0.1075E+00
  0.1077E+00
  0.1079E+00
  0.1082E+00
  0.1084E+00
  0.1086E+00
  0.1088E+00
  0.1091E+00
  0.1093E+00
  0.1095E+00
  0.1098E+00
  0.1100E+00
  0.1102E+00
  0.1104E+00
  0.1107E+00
  0.1109E+00
  0.1111E+00
  0.1114E+00
  0.1116E+00
  0.1118E+00
  0.1121E+00
  0.1123E+00
  0.1125E+00
  0.1128E+00
  0.1130E+00
  0.1132E+00
  0.1134E+00
  0.1137E+00
  0.1139E+00
  0.1141E+00
  0.1144E+00
  0.1146E+00
  0.1148E+00
  0.1151E+00
  0.1153E+00
  0.1155E+00
  0.1158E+00
  0.1160E+00
  0.1162E+00
  0.1165E+00
  0.1167E+00
  0.1169E+00
  0.1172E+00
  0.1174E+00
  0.1176E+00
  0.1179E+00
  0.1181E+00
  0.1183E+00
  0.1186E+00
  0.1188E+00
  0.1190E+00
  0.1193E+00
  0.1195E+00
  0.1197E+00
  0.1200E+00
  0.1202E+00
  0.1204E+00
  0.1207E+00
  0.1209E+00
  0.1211E+00
  0.1214E+00
  0.1216E+00
  0.1219E+00
  0.1221E+00
  0.1223E+00
  0.1226E+00
  0.1228E+00
  0.1230E+00
  0.1233E+00
  0.1235E+00
  0.1237E+00
  0.1240E+00
  0.1242E+00
  0.1244E+00
  0.1247E+00
  0.1249E+00
  0.1252E+00
  0.1254E+00
  0.1256E+00
  0.1259E+00
  0.1261E+00
  0.1263E+00
  0.1266E+00
  0.1268E+00
  0.1271E+00
  0.1273E+00
  0.1275E+00
  0.1278E+00
  0.1280E+00
  0.1283E+00
  0.1285E+00
  0.1287E+00
  0.1290E+00
  0.1292E+00
  0.1294E+00
  0.1297E+00
  0.1299E+00
  0.1302E+00
  0.1304E+00
  0.1306E+00
  0.1309E+00
  0.1311E+00
  0.1314E+00
  0.1316E+00
  0.1318E+00
  0.1321E+00
  0.1323E+00
  0.1326E+00
  0.1328E+00
  0.1330E+00
  0.1333E+00
  0.1335E+00
  0.1338E+00
  0.1340E+00
  0.1342E+00
  0.1345E+00
  0.1347E+00
  0.1350E+00
  0.1352E+00
  0.1354E+00
  0.1357E+00
  0.1359E+00
  0.1362E+00
  0.1364E+00
  0.1367E+00
  0.1369E+00
  0.1371E+00
  0.1374E+00
  0.1376E+00
  0.1379E+00
  0.1381E+00
  0.1383E+00
  0.1386E+00
  0.1388E+00
  0.1391E+00
  0.1393E+00
  0.1396E+00
  0.1398E+00
  0.1400E+00
  0.1403E+00
  0.1405E+00
  0.1408E+00
  0.1410E+00
  0.1413E+00
  0.1415E+00
  0.1417E+00
  0.1420E+00
  0.1422E+00
  0.1425E+00
  0.1427E+00
  0.1430E+00
  0.1432E+00
  0.1435E+00
  0.1437E+00
  0.1439E+00
  0.1442E+00
  0.1444E+00
  0.1447E+00
  0.1449E+00
  0.1452E+00
  0.1454E+00
  0.1457E+00
  0.1459E+00
  0.1461E+00
  0.1464E+00
  0.1466E+00
  0.1469E+00
  0.1471E+00
  0.1474E+00
  0.1476E+00
  0.1479E+00
  0.1481E+00
  0.1484E+00
  0.1486E+00
  0.1488E+00
  0.1491E+00
  0.1493E+00
  0.1496E+00
  0.1498E+00
  0.1501E+00
  0.1503E+00
  0.1506E+00
  0.1508E+00
  0.1511E+00
  0.1513E+00
  0.1515E+00
  0.1518E+00
  0.1520E+00
  0.1523E+00
  0.1525E+00
  0.1528E+00
  0.1530E+00
  0.1533E+00
  0.1535E+00
  0.1538E+00
  0.1540E+00
  0.1543E+00
  0.1545E+00
  0.1548E+00
  0.1550E+00
  0.1553E+00
  0.1555E+00
  0.1557E+00
  0.1560E+00
  0.1562E+00
  0.1565E+00
  0.1567E+00
  0.1570E+00
  0.1572E+00
  0.1575E+00
  0.1577E+00
  0.1580E+00
  0.1582E+00
  0.1585E+00
  0.1587E+00
  0.1590E+00
  0.1592E+00
  0.1595E+00
  0.1597E+00
  0.1600E+00
  0.1602E+00
  0.1605E+00
  0.1607E+00
  0.1610E+00
  0.1612E+00
  0.1615E+00
  0.1617E+00
  0.1620E+00
  0.1622E+00
  0.1625E+00
  0.1627E+00
  0.1630E+00
  0.1632E+00
  0.1635E+00
  0.1637E+00
  0.1640E+00
  0.1642E+00
  0.1645E+00
  0.1647E+00
  0.1649E+00
  0.1652E+00
  0.1654E+00
  0.1657E+00
  0.1659E+00
  0.1662E+00
  0.1664E+00
  0.1667E+00
  0.1669E+00
  0.1672E+00
  0.1674E+00
  0.1677E+00
  0.1679E+00
  0.1682E+00
  0.1684E+00
  0.1687E+00
  0.1690E+00
  0.1692E+00
  0.1695E+00
  0.1697E+00
  0.1700E+00
  0.1702E+00
  0.1705E+00
  0.1707E+00
  0.1710E+00
  0.1712E+00
  0.1715E+00
  0.1717E+00
  0.1720E+00
  0.1722E+00
  0.1725E+00
  0.1727E+00
  0.1730E+00
  0.1732E+00
  0.1735E+00
  0.1737E+00
  0.1740E+00
  0.1742E+00
  0.1745E+00
  0.1747E+00
  0.1750E+00
  0.1752E+00
  0.1755E+00
  0.1757E+00
  0.1760E+00
  0.1762E+00
  0.1765E+00
  0.1767E+00
  0.1770E+00
  0.1772E+00
  0.1775E+00
  0.1777E+00
  0.1780E+00
  0.1782E+00
  0.1785E+00
  0.1788E+00
  0.1790E+00
  0.1793E+00
  0.1795E+00
  0.1798E+00
  0.1800E+00
  0.1803E+00
  0.1805E+00
  0.1808E+00
  0.1810E+00
  0.1813E+00
  0.1815E+00
  0.1818E+00
  0.1820E+00
  0.1823E+00
  0.1825E+00
  0.1828E+00
  0.1830E+00
  0.1833E+00
  0.1836E+00
  0.1838E+00
  0.1841E+00
  0.1843E+00
  0.1846E+00
  0.1848E+00
  0.1851E+00
  0.1853E+00
  0.1856E+00
  0.1858E+00
  0.1861E+00
  0.1863E+00
  0.1866E+00
  0.1868E+00
  0.1871E+00
  0.1873E+00
  0.1876E+00
  0.1879E+00
  0.1881E+00
  0.1884E+00
  0.1886E+00
  0.1889E+00
  0.1891E+00
  0.1894E+00
  0.1896E+00
  0.1899E+00
  0.1901E+00
  0.1904E+00
  0.1906E+00
  0.1909E+00
  0.1911E+00
  0.1914E+00
  0.1917E+00
  0.1919E+00
  0.1922E+00
  0.1924E+00
  0.1927E+00
  0.1929E+00
  0.1932E+00
  0.1934E+00
  0.1937E+00
  0.1939E+00
  0.1942E+00
  0.1944E+00
  0.1947E+00
  0.1950E+00
  0.1952E+00
  0.1955E+00
  0.1957E+00
  0.1960E+00
  0.1962E+00
  0.1965E+00
  0.1967E+00
  0.1970E+00
  0.1972E+00
  0.1975E+00
  0.1977E+00
  0.1980E+00
  0.1983E+00
  0.1985E+00
  0.1988E+00
  0.1990E+00
  0.1993E+00
  0.1995E+00
  0.1998E+00
  0.2000E+00
  0.2003E+00
  0.2005E+00
  0.2008E+00
  0.2011E+00
  0.2013E+00
  0.2016E+00
  0.2018E+00
  0.2021E+00
  0.2023E+00
  0.2026E+00
  0.2028E+00
  0.2031E+00
  0.2033E+00
  0.2036E+00
  0.2039E+00
  0.2041E+00
  0.2044E+00
  0.2046E+00
  0.2049E+00
  0.2051E+00
  0.2054E+00
  0.2056E+00
  0.2059E+00
  0.2061E+00
  0.2064E+00
  0.2067E+00
  0.2069E+00
  0.2072E+00
  0.2074E+00
  0.2077E+00
  0.2079E+00
  0.2082E+00
  0.2084E+00
  0.2087E+00
  0.2089E+00
  0.2092E+00
  0.2095E+00
  0.2097E+00
  0.2100E+00
  0.2102E+00
  0.2105E+00
  0.2107E+00
  0.2110E+00
  0.2112E+00
  0.2115E+00
  0.2118E+00
  0.2120E+00
  0.2123E+00
  0.2125E+00
  0.2128E+00
  0.2130E+00
  0.2133E+00
  0.2135E+00
  0.2138E+00
  0.2140E+00
  0.2143E+00
  0.2146E+00
  0.2148E+00
  0.2151E+00
  0.2153E+00
  0.2156E+00
  0.2158E+00
  0.2161E+00
  0.2163E+00
  0.2166E+00
  0.2169E+00
  0.2171E+00
  0.2174E+00
  0.2176E+00
  0.2179E+00
  0.2181E+00
  0.2184E+00
  0.2186E+00
  0.2189E+00
  0.2191E+00
  0.2194E+00
  0.2197E+00
  0.2199E+00
  0.2202E+00
  0.2204E+00
  0.2207E+00
  0.2209E+00
  0.2212E+00
  0.2214E+00
  0.2217E+00
  0.2220E+00
  0.2222E+00
  0.2225E+00
  0.2227E+00
  0.2230E+00
  0.2232E+00
  0.2235E+00
  0.2237E+00
  0.2240E+00
  0.2242E+00
  0.2245E+00
  0.2248E+00
  0.2250E+00
  0.2253E+00
  0.2255E+00
  0.2258E+00
  0.2260E+00
  0.2263E+00
  0.2265E+00
  0.2268E+00
  0.2271E+00
  0.2273E+00
  0.2276E+00
  0.2278E+00
  0.2281E+00
  0.2283E+00
  0.2286E+00
  0.2288E+00
  0.2291E+00
  0.2293E+00
  0.2296E+00
  0.2299E+00
  0.2301E+00
  0.2304E+00
  0.2306E+00
  0.2309E+00
  0.2311E+00
  0.2314E+00
  0.2316E+00
  0.2319E+00
  0.2322E+00
  0.2324E+00
  0.2327E+00
  0.2329E+00
  0.2332E+00
  0.2334E+00
  0.2337E+00
  0.2339E+00
  0.2342E+00
  0.2344E+00
  0.2347E+00
  0.2350E+00
  0.2352E+00
  0.2355E+00
  0.2357E+00
  0.2360E+00
  0.2362E+00
  0.2365E+00
  0.2367E+00
  0.2370E+00
  0.2372E+00
  0.2375E+00
  0.2378E+00
  0.2380E+00
  0.2383E+00
  0.2385E+00
  0.2388E+00
  0.2390E+00
  0.2393E+00
  0.2395E+00
  0.2398E+00
  0.2400E+00
  0.2403E+00
  0.2406E+00
  0.2408E+00
  0.2411E+00
  0.2413E+00
  0.2416E+00
  0.2418E+00
  0.2421E+00
  0.2423E+00
  0.2426E+00
  0.2428E+00
  0.2431E+00
  0.2434E+00
  0.2436E+00
  0.2439E+00
  0.2441E+00
  0.2444E+00
  0.2446E+00
  0.2449E+00
  0.2451E+00
  0.2454E+00
  0.2456E+00
  0.2459E+00
  0.2462E+00
  0.2464E+00
  0.2467E+00
  0.2469E+00
  0.2472E+00
  0.2474E+00
  0.2477E+00
  0.2479E+00
  0.2482E+00
  0.2484E+00
  0.2487E+00
  0.2489E+00
  0.2492E+00
  0.2495E+00
  0.2497E+00
  0.2500E+00
  0.2502E+00
  0.2505E+00
  0.2507E+00
  0.2510E+00
  0.2512E+00
  0.2515E+00
  0.2517E+00
  0.2520E+00
  0.2522E+00
  0.2525E+00
  0.2528E+00
  0.2530E+00
  0.2533E+00
  0.2535E+00
  0.2538E+00
  0.2540E+00
  0.2543E+00
  0.2545E+00
  0.2548E+00
  0.2550E+00
  0.2553E+00
  0.2555E+00
  0.2558E+00
  0.2561E+00
  0.2563E+00
  0.2566E+00
  0.2568E+00
  0.2571E+00
  0.2573E+00
  0.2576E+00
  0.2578E+00
  0.2581E+00
  0.2583E+00
  0.2586E+00
  0.2588E+00
  0.2591E+00
  0.2593E+00
  0.2596E+00
  0.2599E+00
  0.2601E+00
  0.2604E+00
  0.2606E+00
  0.2609E+00
  0.2611E+00
  0.2614E+00
  0.2616E+00
  0.2619E+00
  0.2621E+00
  0.2624E+00
  0.2626E+00
  0.2629E+00
  0.2631E+00
  0.2634E+00
  0.2636E+00
  0.2639E+00
  0.2642E+00
  0.2644E+00
  0.2647E+00
  0.2649E+00
  0.2652E+00
  0.2654E+00
  0.2657E+00
  0.2659E+00
  0.2662E+00
  0.2664E+00
  0.2667E+00
  0.2669E+00
  0.2672E+00
  0.2674E+00
  0.2677E+00
  0.2679E+00
  0.2682E+00
  0.2684E+00
  0.2687E+00
  0.2689E+00
  0.2692E+00
  0.2695E+00
  0.2697E+00
  0.2700E+00
  0.2702E+00
  0.2705E+00
  0.2707E+00
  0.2710E+00
  0.2712E+00
  0.2715E+00
  0.2717E+00
  0.2720E+00
  0.2722E+00
  0.2725E+00
  0.2727E+00
  0.2730E+00
  0.2732E+00
  0.2735E+00
  0.2737E+00
  0.2740E+00
  0.2742E+00
  0.2745E+00
  0.2747E+00
  0.2750E+00
  0.2752E+00
  0.2755E+00
  0.2757E+00
  0.2760E+00
  0.2762E+00
  0.2765E+00
  0.2767E+00
  0.2770E+00
  0.2772E+00
  0.2775E+00
  0.2778E+00
  0.2780E+00
  0.2783E+00
  0.2785E+00
  0.2788E+00
  0.2790E+00
  0.2793E+00
  0.2795E+00
  0.2798E+00
  0.2800E+00
  0.2803E+00
  0.2805E+00
  0.2808E+00
  0.2810E+00
  0.2813E+00
  0.2815E+00
  0.2818E+00
  0.2820E+00
  0.2823E+00
  0.2825E+00
  0.2828E+00
  0.2830E+00
  0.2833E+00
  0.2835E+00
  0.2838E+00
  0.2840E+00
  0.2843E+00
  0.2845E+00
  0.2848E+00
