  0.0000E+00  0.0000E+00  0.1756E-37
  0.5000E-01  0.0000E+00  0.0000E+00
  0.1000E+00  0.0000E+00         NaN
  0.1500E+00  0.0000E+00         NaN
  0.2000E+00  0.0000E+00  0.3952E-42
  0.2500E+00  0.0000E+00  0.0000E+00
  0.3000E+00  0.0000E+00  0.1401E-44
  0.3500E+00  0.0000E+00  0.0000E+00
  0.4000E+00  0.0000E+00  0.1401E-44
  0.4500E+00  0.0000E+00  0.0000E+00
  0.5000E+00  0.0000E+00  0.2943E-43
  0.5500E+00  0.0000E+00  0.0000E+00
  0.6000E+00  0.0000E+00  0.2943E-43
  0.6500E+00  0.0000E+00  0.0000E+00
  0.7000E+00  0.0000E+00  0.1401E-44
  0.7500E+00  0.0000E+00  0.0000E+00
  0.8000E+00  0.0000E+00  0.2943E-43
  0.8500E+00  0.0000E+00  0.0000E+00
  0.9000E+00  0.0000E+00  0.0000E+00
  0.9500E+00  0.0000E+00  0.0000E+00
  0.1000E+01  0.0000E+00  0.0000E+00
  0.0000E+00  0.5000E-01  0.0000E+00
  0.5000E-01  0.5000E-01  0.0000E+00
  0.1000E+00  0.5000E-01  0.0000E+00
  0.1500E+00  0.5000E-01  0.1757E-37
  0.2000E+00  0.5000E-01  0.0000E+00
  0.2500E+00  0.5000E-01         NaN
  0.3000E+00  0.5000E-01         NaN
  0.3500E+00  0.5000E-01  0.3952E-42
  0.4000E+00  0.5000E-01  0.0000E+00
  0.4500E+00  0.5000E-01  0.1401E-44
  0.5000E+00  0.5000E-01  0.0000E+00
  0.5500E+00  0.5000E-01  0.1401E-44
  0.6000E+00  0.5000E-01  0.0000E+00
  0.6500E+00  0.5000E-01  0.2943E-43
  0.7000E+00  0.5000E-01  0.0000E+00
  0.7500E+00  0.5000E-01  0.2943E-43
  0.8000E+00  0.5000E-01  0.0000E+00
  0.8500E+00  0.5000E-01  0.1401E-44
  0.9000E+00  0.5000E-01  0.0000E+00
  0.9500E+00  0.5000E-01  0.2943E-43
  0.1000E+01  0.5000E-01  0.0000E+00
  0.0000E+00  0.1000E+00  0.1000E+01
  0.5000E-01  0.1000E+00  0.0000E+00
  0.1000E+00  0.1000E+00  0.1000E+01
  0.1500E+00  0.1000E+00  0.0000E+00
  0.2000E+00  0.1000E+00  0.0000E+00
  0.2500E+00  0.1000E+00  0.0000E+00
  0.3000E+00  0.1000E+00  0.1401E-44
  0.3500E+00  0.1000E+00  0.0000E+00
  0.4000E+00  0.1000E+00  0.0000E+00
  0.4500E+00  0.1000E+00  0.0000E+00
  0.5000E+00  0.1000E+00  0.0000E+00
  0.5500E+00  0.1000E+00  0.0000E+00
  0.6000E+00  0.1000E+00  0.0000E+00
  0.6500E+00  0.1000E+00  0.0000E+00
  0.7000E+00  0.1000E+00  0.0000E+00
  0.7500E+00  0.1000E+00  0.0000E+00
  0.8000E+00  0.1000E+00  0.0000E+00
  0.8500E+00  0.1000E+00  0.0000E+00
  0.9000E+00  0.1000E+00  0.0000E+00
  0.9500E+00  0.1000E+00  0.0000E+00
  0.1000E+01  0.1000E+00  0.0000E+00
  0.0000E+00  0.1500E+00  0.0000E+00
  0.5000E-01  0.1500E+00  0.0000E+00
  0.1000E+00  0.1500E+00  0.0000E+00
  0.1500E+00  0.1500E+00  0.0000E+00
  0.2000E+00  0.1500E+00  0.0000E+00
  0.2500E+00  0.1500E+00  0.0000E+00
  0.3000E+00  0.1500E+00  0.0000E+00
  0.3500E+00  0.1500E+00  0.0000E+00
  0.4000E+00  0.1500E+00  0.0000E+00
  0.4500E+00  0.1500E+00  0.0000E+00
  0.5000E+00  0.1500E+00  0.0000E+00
  0.5500E+00  0.1500E+00  0.0000E+00
  0.6000E+00  0.1500E+00  0.0000E+00
  0.6500E+00  0.1500E+00  0.0000E+00
  0.7000E+00  0.1500E+00  0.0000E+00
  0.7500E+00  0.1500E+00  0.0000E+00
  0.8000E+00  0.1500E+00  0.0000E+00
  0.8500E+00  0.1500E+00  0.0000E+00
  0.9000E+00  0.1500E+00  0.0000E+00
  0.9500E+00  0.1500E+00  0.0000E+00
  0.1000E+01  0.1500E+00  0.0000E+00
  0.0000E+00  0.2000E+00  0.0000E+00
  0.5000E-01  0.2000E+00  0.0000E+00
  0.1000E+00  0.2000E+00  0.0000E+00
  0.1500E+00  0.2000E+00  0.0000E+00
  0.2000E+00  0.2000E+00  0.0000E+00
  0.2500E+00  0.2000E+00  0.0000E+00
  0.3000E+00  0.2000E+00  0.0000E+00
  0.3500E+00  0.2000E+00  0.0000E+00
  0.4000E+00  0.2000E+00  0.0000E+00
  0.4500E+00  0.2000E+00  0.0000E+00
  0.5000E+00  0.2000E+00  0.0000E+00
  0.5500E+00  0.2000E+00  0.0000E+00
  0.6000E+00  0.2000E+00  0.0000E+00
  0.6500E+00  0.2000E+00  0.0000E+00
  0.7000E+00  0.2000E+00  0.0000E+00
  0.7500E+00  0.2000E+00  0.0000E+00
  0.8000E+00  0.2000E+00  0.1401E-44
  0.8500E+00  0.2000E+00  0.0000E+00
  0.9000E+00  0.2000E+00  0.0000E+00
  0.9500E+00  0.2000E+00  0.0000E+00
  0.1000E+01  0.2000E+00  0.0000E+00
  0.0000E+00  0.2500E+00  0.0000E+00
  0.5000E-01  0.2500E+00  0.0000E+00
  0.1000E+00  0.2500E+00  0.0000E+00
  0.1500E+00  0.2500E+00  0.0000E+00
  0.2000E+00  0.2500E+00  0.0000E+00
  0.2500E+00  0.2500E+00  0.0000E+00
  0.3000E+00  0.2500E+00  0.0000E+00
  0.3500E+00  0.2500E+00  0.0000E+00
  0.4000E+00  0.2500E+00  0.0000E+00
  0.4500E+00  0.2500E+00  0.0000E+00
  0.5000E+00  0.2500E+00  0.0000E+00
  0.5500E+00  0.2500E+00  0.0000E+00
  0.6000E+00  0.2500E+00  0.0000E+00
  0.6500E+00  0.2500E+00  0.0000E+00
  0.7000E+00  0.2500E+00  0.0000E+00
  0.7500E+00  0.2500E+00  0.0000E+00
  0.8000E+00  0.2500E+00  0.0000E+00
  0.8500E+00  0.2500E+00  0.0000E+00
  0.9000E+00  0.2500E+00  0.0000E+00
  0.9500E+00  0.2500E+00  0.0000E+00
  0.1000E+01  0.2500E+00  0.0000E+00
  0.0000E+00  0.3000E+00  0.0000E+00
  0.5000E-01  0.3000E+00  0.0000E+00
  0.1000E+00  0.3000E+00  0.0000E+00
  0.1500E+00  0.3000E+00  0.0000E+00
  0.2000E+00  0.3000E+00  0.0000E+00
  0.2500E+00  0.3000E+00  0.0000E+00
  0.3000E+00  0.3000E+00  0.0000E+00
  0.3500E+00  0.3000E+00  0.0000E+00
  0.4000E+00  0.3000E+00  0.0000E+00
  0.4500E+00  0.3000E+00  0.0000E+00
  0.5000E+00  0.3000E+00  0.0000E+00
  0.5500E+00  0.3000E+00  0.0000E+00
  0.6000E+00  0.3000E+00  0.0000E+00
  0.6500E+00  0.3000E+00  0.0000E+00
  0.7000E+00  0.3000E+00  0.0000E+00
  0.7500E+00  0.3000E+00  0.0000E+00
  0.8000E+00  0.3000E+00  0.0000E+00
  0.8500E+00  0.3000E+00  0.0000E+00
  0.9000E+00  0.3000E+00  0.0000E+00
  0.9500E+00  0.3000E+00  0.0000E+00
  0.1000E+01  0.3000E+00  0.0000E+00
  0.0000E+00  0.3500E+00  0.0000E+00
  0.5000E-01  0.3500E+00  0.0000E+00
  0.1000E+00  0.3500E+00  0.0000E+00
  0.1500E+00  0.3500E+00  0.0000E+00
  0.2000E+00  0.3500E+00  0.0000E+00
  0.2500E+00  0.3500E+00  0.0000E+00
  0.3000E+00  0.3500E+00  0.0000E+00
  0.3500E+00  0.3500E+00  0.0000E+00
  0.4000E+00  0.3500E+00  0.0000E+00
  0.4500E+00  0.3500E+00  0.0000E+00
  0.5000E+00  0.3500E+00  0.0000E+00
  0.5500E+00  0.3500E+00  0.0000E+00
  0.6000E+00  0.3500E+00  0.0000E+00
  0.6500E+00  0.3500E+00  0.0000E+00
  0.7000E+00  0.3500E+00  0.0000E+00
  0.7500E+00  0.3500E+00  0.0000E+00
  0.8000E+00  0.3500E+00  0.0000E+00
  0.8500E+00  0.3500E+00  0.0000E+00
  0.9000E+00  0.3500E+00  0.0000E+00
  0.9500E+00  0.3500E+00  0.0000E+00
  0.1000E+01  0.3500E+00  0.0000E+00
  0.0000E+00  0.4000E+00  0.0000E+00
  0.5000E-01  0.4000E+00  0.0000E+00
  0.1000E+00  0.4000E+00  0.0000E+00
  0.1500E+00  0.4000E+00  0.0000E+00
  0.2000E+00  0.4000E+00  0.0000E+00
  0.2500E+00  0.4000E+00  0.0000E+00
  0.3000E+00  0.4000E+00  0.0000E+00
  0.3500E+00  0.4000E+00  0.0000E+00
  0.4000E+00  0.4000E+00  0.0000E+00
  0.4500E+00  0.4000E+00  0.0000E+00
  0.5000E+00  0.4000E+00  0.0000E+00
  0.5500E+00  0.4000E+00  0.0000E+00
  0.6000E+00  0.4000E+00  0.0000E+00
  0.6500E+00  0.4000E+00  0.0000E+00
  0.7000E+00  0.4000E+00  0.0000E+00
  0.7500E+00  0.4000E+00  0.0000E+00
  0.8000E+00  0.4000E+00  0.0000E+00
  0.8500E+00  0.4000E+00  0.0000E+00
  0.9000E+00  0.4000E+00  0.0000E+00
  0.9500E+00  0.4000E+00  0.0000E+00
  0.1000E+01  0.4000E+00  0.0000E+00
  0.0000E+00  0.4500E+00  0.0000E+00
  0.5000E-01  0.4500E+00  0.0000E+00
  0.1000E+00  0.4500E+00  0.0000E+00
  0.1500E+00  0.4500E+00  0.0000E+00
  0.2000E+00  0.4500E+00  0.0000E+00
  0.2500E+00  0.4500E+00  0.0000E+00
  0.3000E+00  0.4500E+00  0.0000E+00
  0.3500E+00  0.4500E+00  0.0000E+00
  0.4000E+00  0.4500E+00  0.0000E+00
  0.4500E+00  0.4500E+00  0.0000E+00
  0.5000E+00  0.4500E+00  0.0000E+00
  0.5500E+00  0.4500E+00  0.0000E+00
  0.6000E+00  0.4500E+00  0.0000E+00
  0.6500E+00  0.4500E+00  0.0000E+00
  0.7000E+00  0.4500E+00  0.0000E+00
  0.7500E+00  0.4500E+00  0.0000E+00
  0.8000E+00  0.4500E+00  0.0000E+00
  0.8500E+00  0.4500E+00  0.0000E+00
  0.9000E+00  0.4500E+00  0.0000E+00
  0.9500E+00  0.4500E+00  0.0000E+00
  0.1000E+01  0.4500E+00  0.0000E+00
  0.0000E+00  0.5000E+00  0.0000E+00
  0.5000E-01  0.5000E+00  0.0000E+00
  0.1000E+00  0.5000E+00  0.0000E+00
  0.1500E+00  0.5000E+00  0.0000E+00
  0.2000E+00  0.5000E+00  0.0000E+00
  0.2500E+00  0.5000E+00  0.0000E+00
  0.3000E+00  0.5000E+00  0.0000E+00
  0.3500E+00  0.5000E+00  0.0000E+00
  0.4000E+00  0.5000E+00  0.0000E+00
  0.4500E+00  0.5000E+00  0.0000E+00
  0.5000E+00  0.5000E+00  0.0000E+00
  0.5500E+00  0.5000E+00  0.0000E+00
  0.6000E+00  0.5000E+00  0.0000E+00
  0.6500E+00  0.5000E+00  0.0000E+00
  0.7000E+00  0.5000E+00  0.0000E+00
  0.7500E+00  0.5000E+00  0.0000E+00
  0.8000E+00  0.5000E+00  0.0000E+00
  0.8500E+00  0.5000E+00  0.0000E+00
  0.9000E+00  0.5000E+00  0.0000E+00
  0.9500E+00  0.5000E+00  0.0000E+00
  0.1000E+01  0.5000E+00  0.0000E+00
  0.0000E+00  0.5500E+00  0.0000E+00
  0.5000E-01  0.5500E+00  0.0000E+00
  0.1000E+00  0.5500E+00  0.0000E+00
  0.1500E+00  0.5500E+00  0.0000E+00
  0.2000E+00  0.5500E+00  0.0000E+00
  0.2500E+00  0.5500E+00  0.0000E+00
  0.3000E+00  0.5500E+00  0.0000E+00
  0.3500E+00  0.5500E+00  0.0000E+00
  0.4000E+00  0.5500E+00  0.0000E+00
  0.4500E+00  0.5500E+00  0.0000E+00
  0.5000E+00  0.5500E+00  0.0000E+00
  0.5500E+00  0.5500E+00  0.0000E+00
  0.6000E+00  0.5500E+00  0.0000E+00
  0.6500E+00  0.5500E+00  0.0000E+00
  0.7000E+00  0.5500E+00  0.0000E+00
  0.7500E+00  0.5500E+00  0.0000E+00
  0.8000E+00  0.5500E+00  0.0000E+00
  0.8500E+00  0.5500E+00  0.0000E+00
  0.9000E+00  0.5500E+00  0.0000E+00
  0.9500E+00  0.5500E+00  0.0000E+00
  0.1000E+01  0.5500E+00  0.0000E+00
  0.0000E+00  0.6000E+00  0.0000E+00
  0.5000E-01  0.6000E+00  0.0000E+00
  0.1000E+00  0.6000E+00  0.0000E+00
  0.1500E+00  0.6000E+00  0.0000E+00
  0.2000E+00  0.6000E+00  0.0000E+00
  0.2500E+00  0.6000E+00  0.0000E+00
  0.3000E+00  0.6000E+00  0.0000E+00
  0.3500E+00  0.6000E+00  0.0000E+00
  0.4000E+00  0.6000E+00  0.0000E+00
  0.4500E+00  0.6000E+00  0.0000E+00
  0.5000E+00  0.6000E+00  0.0000E+00
  0.5500E+00  0.6000E+00  0.0000E+00
  0.6000E+00  0.6000E+00  0.0000E+00
  0.6500E+00  0.6000E+00  0.0000E+00
  0.7000E+00  0.6000E+00  0.0000E+00
  0.7500E+00  0.6000E+00  0.0000E+00
  0.8000E+00  0.6000E+00  0.0000E+00
  0.8500E+00  0.6000E+00  0.0000E+00
  0.9000E+00  0.6000E+00  0.0000E+00
  0.9500E+00  0.6000E+00  0.0000E+00
  0.1000E+01  0.6000E+00  0.0000E+00
  0.0000E+00  0.6500E+00  0.0000E+00
  0.5000E-01  0.6500E+00  0.0000E+00
  0.1000E+00  0.6500E+00  0.0000E+00
  0.1500E+00  0.6500E+00  0.0000E+00
  0.2000E+00  0.6500E+00  0.0000E+00
  0.2500E+00  0.6500E+00  0.0000E+00
  0.3000E+00  0.6500E+00  0.0000E+00
  0.3500E+00  0.6500E+00  0.0000E+00
  0.4000E+00  0.6500E+00  0.0000E+00
  0.4500E+00  0.6500E+00  0.0000E+00
  0.5000E+00  0.6500E+00  0.0000E+00
  0.5500E+00  0.6500E+00  0.0000E+00
  0.6000E+00  0.6500E+00  0.0000E+00
  0.6500E+00  0.6500E+00  0.0000E+00
  0.7000E+00  0.6500E+00  0.0000E+00
  0.7500E+00  0.6500E+00  0.0000E+00
  0.8000E+00  0.6500E+00  0.0000E+00
  0.8500E+00  0.6500E+00  0.0000E+00
  0.9000E+00  0.6500E+00  0.0000E+00
  0.9500E+00  0.6500E+00  0.0000E+00
  0.1000E+01  0.6500E+00  0.0000E+00
  0.0000E+00  0.7000E+00  0.0000E+00
  0.5000E-01  0.7000E+00  0.0000E+00
  0.1000E+00  0.7000E+00  0.0000E+00
  0.1500E+00  0.7000E+00  0.0000E+00
  0.2000E+00  0.7000E+00  0.0000E+00
  0.2500E+00  0.7000E+00  0.0000E+00
  0.3000E+00  0.7000E+00  0.0000E+00
  0.3500E+00  0.7000E+00  0.0000E+00
  0.4000E+00  0.7000E+00  0.0000E+00
  0.4500E+00  0.7000E+00  0.0000E+00
  0.5000E+00  0.7000E+00  0.0000E+00
  0.5500E+00  0.7000E+00  0.0000E+00
  0.6000E+00  0.7000E+00  0.0000E+00
  0.6500E+00  0.7000E+00  0.0000E+00
  0.7000E+00  0.7000E+00  0.0000E+00
  0.7500E+00  0.7000E+00  0.0000E+00
  0.8000E+00  0.7000E+00  0.0000E+00
  0.8500E+00  0.7000E+00  0.0000E+00
  0.9000E+00  0.7000E+00  0.0000E+00
  0.9500E+00  0.7000E+00  0.0000E+00
  0.1000E+01  0.7000E+00  0.0000E+00
  0.0000E+00  0.7500E+00  0.0000E+00
  0.5000E-01  0.7500E+00  0.0000E+00
  0.1000E+00  0.7500E+00  0.0000E+00
  0.1500E+00  0.7500E+00  0.0000E+00
  0.2000E+00  0.7500E+00  0.0000E+00
  0.2500E+00  0.7500E+00  0.0000E+00
  0.3000E+00  0.7500E+00  0.0000E+00
  0.3500E+00  0.7500E+00  0.0000E+00
  0.4000E+00  0.7500E+00  0.0000E+00
  0.4500E+00  0.7500E+00  0.0000E+00
  0.5000E+00  0.7500E+00  0.0000E+00
  0.5500E+00  0.7500E+00  0.0000E+00
  0.6000E+00  0.7500E+00  0.0000E+00
  0.6500E+00  0.7500E+00  0.0000E+00
  0.7000E+00  0.7500E+00  0.0000E+00
  0.7500E+00  0.7500E+00  0.0000E+00
  0.8000E+00  0.7500E+00  0.0000E+00
  0.8500E+00  0.7500E+00  0.0000E+00
  0.9000E+00  0.7500E+00  0.0000E+00
  0.9500E+00  0.7500E+00  0.0000E+00
  0.1000E+01  0.7500E+00  0.0000E+00
  0.0000E+00  0.8000E+00  0.0000E+00
  0.5000E-01  0.8000E+00  0.0000E+00
  0.1000E+00  0.8000E+00  0.0000E+00
  0.1500E+00  0.8000E+00  0.0000E+00
  0.2000E+00  0.8000E+00  0.0000E+00
  0.2500E+00  0.8000E+00  0.0000E+00
  0.3000E+00  0.8000E+00  0.0000E+00
  0.3500E+00  0.8000E+00  0.0000E+00
  0.4000E+00  0.8000E+00  0.0000E+00
  0.4500E+00  0.8000E+00  0.0000E+00
  0.5000E+00  0.8000E+00  0.0000E+00
  0.5500E+00  0.8000E+00  0.0000E+00
  0.6000E+00  0.8000E+00  0.0000E+00
  0.6500E+00  0.8000E+00  0.0000E+00
  0.7000E+00  0.8000E+00  0.0000E+00
  0.7500E+00  0.8000E+00  0.0000E+00
  0.8000E+00  0.8000E+00  0.0000E+00
  0.8500E+00  0.8000E+00  0.0000E+00
  0.9000E+00  0.8000E+00  0.0000E+00
  0.9500E+00  0.8000E+00  0.0000E+00
  0.1000E+01  0.8000E+00  0.0000E+00
  0.0000E+00  0.8500E+00  0.0000E+00
  0.5000E-01  0.8500E+00  0.0000E+00
  0.1000E+00  0.8500E+00  0.0000E+00
  0.1500E+00  0.8500E+00  0.0000E+00
  0.2000E+00  0.8500E+00  0.0000E+00
  0.2500E+00  0.8500E+00  0.0000E+00
  0.3000E+00  0.8500E+00  0.0000E+00
  0.3500E+00  0.8500E+00  0.0000E+00
  0.4000E+00  0.8500E+00  0.0000E+00
  0.4500E+00  0.8500E+00  0.0000E+00
  0.5000E+00  0.8500E+00  0.0000E+00
  0.5500E+00  0.8500E+00  0.0000E+00
  0.6000E+00  0.8500E+00  0.0000E+00
  0.6500E+00  0.8500E+00  0.0000E+00
  0.7000E+00  0.8500E+00  0.0000E+00
  0.7500E+00  0.8500E+00  0.0000E+00
  0.8000E+00  0.8500E+00  0.0000E+00
  0.8500E+00  0.8500E+00  0.0000E+00
  0.9000E+00  0.8500E+00  0.0000E+00
  0.9500E+00  0.8500E+00  0.0000E+00
  0.1000E+01  0.8500E+00  0.0000E+00
  0.0000E+00  0.9000E+00  0.0000E+00
  0.5000E-01  0.9000E+00  0.0000E+00
  0.1000E+00  0.9000E+00  0.0000E+00
  0.1500E+00  0.9000E+00  0.0000E+00
  0.2000E+00  0.9000E+00  0.0000E+00
  0.2500E+00  0.9000E+00  0.0000E+00
  0.3000E+00  0.9000E+00  0.0000E+00
  0.3500E+00  0.9000E+00  0.0000E+00
  0.4000E+00  0.9000E+00  0.0000E+00
  0.4500E+00  0.9000E+00  0.0000E+00
  0.5000E+00  0.9000E+00  0.0000E+00
  0.5500E+00  0.9000E+00  0.0000E+00
  0.6000E+00  0.9000E+00  0.0000E+00
  0.6500E+00  0.9000E+00  0.0000E+00
  0.7000E+00  0.9000E+00  0.0000E+00
  0.7500E+00  0.9000E+00  0.0000E+00
  0.8000E+00  0.9000E+00  0.0000E+00
  0.8500E+00  0.9000E+00  0.0000E+00
  0.9000E+00  0.9000E+00  0.0000E+00
  0.9500E+00  0.9000E+00  0.0000E+00
  0.1000E+01  0.9000E+00  0.0000E+00
  0.0000E+00  0.9500E+00  0.0000E+00
  0.5000E-01  0.9500E+00  0.0000E+00
  0.1000E+00  0.9500E+00  0.0000E+00
  0.1500E+00  0.9500E+00  0.0000E+00
  0.2000E+00  0.9500E+00  0.0000E+00
  0.2500E+00  0.9500E+00  0.0000E+00
  0.3000E+00  0.9500E+00  0.0000E+00
  0.3500E+00  0.9500E+00  0.0000E+00
  0.4000E+00  0.9500E+00  0.0000E+00
  0.4500E+00  0.9500E+00  0.0000E+00
  0.5000E+00  0.9500E+00  0.0000E+00
  0.5500E+00  0.9500E+00  0.0000E+00
  0.6000E+00  0.9500E+00  0.0000E+00
  0.6500E+00  0.9500E+00  0.0000E+00
  0.7000E+00  0.9500E+00  0.0000E+00
  0.7500E+00  0.9500E+00  0.0000E+00
  0.8000E+00  0.9500E+00  0.0000E+00
  0.8500E+00  0.9500E+00  0.0000E+00
  0.9000E+00  0.9500E+00  0.0000E+00
  0.9500E+00  0.9500E+00  0.0000E+00
  0.1000E+01  0.9500E+00  0.0000E+00
  0.0000E+00  0.1000E+01  0.0000E+00
  0.5000E-01  0.1000E+01  0.0000E+00
  0.1000E+00  0.1000E+01  0.0000E+00
  0.1500E+00  0.1000E+01  0.0000E+00
  0.2000E+00  0.1000E+01  0.0000E+00
  0.2500E+00  0.1000E+01  0.0000E+00
  0.3000E+00  0.1000E+01  0.0000E+00
  0.3500E+00  0.1000E+01  0.0000E+00
  0.4000E+00  0.1000E+01  0.0000E+00
  0.4500E+00  0.1000E+01  0.0000E+00
  0.5000E+00  0.1000E+01  0.0000E+00
  0.5500E+00  0.1000E+01  0.0000E+00
  0.6000E+00  0.1000E+01  0.0000E+00
  0.6500E+00  0.1000E+01  0.0000E+00
  0.7000E+00  0.1000E+01  0.0000E+00
  0.7500E+00  0.1000E+01  0.0000E+00
  0.8000E+00  0.1000E+01  0.0000E+00
  0.8500E+00  0.1000E+01  0.0000E+00
  0.9000E+00  0.1000E+01  0.0000E+00
  0.9500E+00  0.1000E+01  0.0000E+00
  0.1000E+01  0.1000E+01  0.0000E+00
